603598
99

000595
99

002596
99

000800
99

603110
99

002417
99

002116
99

600597
99

300577
99

600171
99

600639
99

600228
99

000045
99

300298
99

000151
99

300206
99

002040
99

603778
99

000809
99

300580
99

002305
99

000031
99

300407
99

000759
99

300329
99

000088
99

300243
99

300167
99

600012
99

000532
99

600191
99

000980
99

603861
99

600153
99

603117
99

002789
99

300201
99

002088
99

600330
99

002431
99

000883
99

603797
99

000501
99

002619
99

603555
99

002083
99

601000
99

002286
99

600021
99

000553
99

603017
99

600475
99

300470
99

603099
99

002163
99

300562
99

002433
99

002745
99

300712
99

300163
99

600734
99

600006
99

002772
99

000677
99

603980
99

000564
99

603238
99

600007
99

600163
99

002270
99

002788
99

002846
99

300131
99

601088
99

300303
99

603848
99

600697
99

002479
99

002030
99

300497
99

603336
99

600371
99

002246
99

603602
99

002462
99

601068
99

002707
99

300581
99

601718
99

300002
99

603766
99

300382
99

600155
99

000411
99

000519
99

600183
99

600640
99

300020
99

000543
99

000975
99

601900
99

000034
99

002545
99

